Cnidaria 1 1 0 0 - 0 0 ? 0 0 0 0 0 - 0 - 0 0 0 - 0 0 0 0 0 0 0 0 0 0 1 0 0 0 0 0 - - - - - 0 - - 0 0 0 0 0 0 0 0 - 0 0 0 0 0
Acoelomorpha 0 1 1 0 0 - 0 0 1 0 0 0 0 - 0 - - - - - - 0 0 0 0 - - 0 0 0 1 0 0 0 0 0 - - - - - 0 - - 0 0 - 0 0 0 0 0 ? 0 ? ? ? ?
Arthropoda - 1 1 1 0 0 2 2 0 0 0 0 1 1 1 0 1 1 - - - 0 0 0 1 1 1 1 1 0 0 1 0 0 0 0 - - - - - 0 - - 0 0 - 0 0 0 0 0 0 1 ? 0 0 1
Onychophora - 1 1 1 0 0 0 {12} 1 0 0 0 1 1 1 0 1 1 - - - 0 0 0 1 1 1 1 1 0 0 1 0 0 0 0 - - - - - 0 - - 0 0 - 0 0 0 0 0 0 1 ? 0 0 1
Kinorhyncha ? 1 1 0 - 0 0 2 1 0 1 1 1 1 1 0 0 0 - - - 0 0 0 1 0 1 1 1 0 0 1 0 0 0 0 - - - - - 0 - - 0 0 - 0 0 0 0 0 0 1 ? ? ? ?
Priapulida 1 1 1 {01} - 0 0 2 1 0 1 1 1 1 0 - 0 0 - - - 0 0 0 1 0 1 1 1 0 0 1 0 0 0 0 - - - - - 0 - - 0 0 - 0 0 0 0 0 0 1 ? 0 0 1
Mollusca 0 {01} 1 1 0 0 0 1 0 0 0 0 1 1 {01} 0 1 0 - - - 0 0 0 0 0 0 0 0 1 0 1 0 0 0 0 - - - - - 0 - - 0 0 - 0 0 0 0 1 0 1 0 0 0 0
Annelida 0 {01} 1 1 0 0 0 1 0 0 0 0 1 1 1 0 1 0 - - - 0 0 0 1 0 0 0 0 1 0 1 0 0 0 0 - - - - - 0 - - 0 0 - 0 0 0 0 1 0 1 0 0 0 0
Echinodermata 1 0 1 1 1 1 2 {02} 0 0 0 0 1 {01} 0 - 0 - - {01} - 1 1 0 0 - 0 0 0 0 0 0 0 0 {01} 0 - - - - - 0 - - ? 0 - 0 0 0 1 0 1 1 1 1 1 0
Enteropneusta 1 0 1 1 1 1 2 1 0 0 0 0 1 1 0 - 0 - - - - 1 1 0 0 - 0 0 0 0 0 1 1 0 1 0 - - - 1 0 1 1 1 1 0 - 0 0 0 1 0 1 1 1 1 1 0
Urochordata - 0 1 1 1 0 1 ? 0 0 0 0 1 0 {01} - 0 0 - - - 0 0 0 0 - 0 0 0 0 0 0 1 0 1 0 - - - 1 0 1 1 1 1 1 0 0 0 0 0 0 0 1 0 1 1 0
Cephalochordata 1 0 1 1 1 0 1 1 0 0 0 0 1 0 1 - 0 0 - - - 1 1 0 0 - 0 0 0 0 0 0 1 0 1 0 - - - 1 0 1 1 1 1 1 - 0 1 0 0 0 0 1 0 1 1 0
Vertebrata 1 0 1 1 1 0 0 1 0 0 0 0 1 0 1 - 0 0 - - - 1 1 0 0 - 0 0 0 0 0 0 1 0 1 0 - - - 1 0 0 1 0 0 1 - 0 1 1 0 0 0 1 0 1 1 0
Vetulicola ? ? 1 1 ? ? 1 2 0 2 0 0 1 1 1 1 0 0 1 0 0 1 1 0 0 ? 0 - - 0 0 ? 0 1 1 1 0 1 0 0 0 1 ? 1 ? 0 0 0 0 0 ? ? ? ? ? ? ? ?
Beidazoon ? ? 1 1 ? ? 1 2 0 2 0 0 1 1 1 1 0 0 1 0 0 1 1 0 0 ? 0 - - 0 0 ? 0 1 1 1 0 1 0 0 0 1 ? 1 ? 0 0 0 0 0 ? ? ? ? ? ? ? ?
Ooedigera ? ? 1 1 ? ? 1 2 0 2 0 0 1 1 1 1 0 0 1 0 0 1 1 0 0 ? 0 - - 0 0 ? 0 1 1 1 0 1 0 0 0 1 ? 1 ? 0 0 0 0 0 ? ? ? ? ? ? ? ?
Pomatrum ? ? 1 1 ? ? 1 2 1 1 0 0 1 1 1 1 0 0 1 0 0 1 1 0 0 ? 0 - - 0 0 ? 0 0 1 1 0 1 0 0 1 1 ? 1 ? 0 0 0 0 0 ? ? ? ? ? ? ? ?
Xidazoon ? ? 1 1 ? ? 1 2 1 1 0 0 1 1 1 1 0 0 1 0 0 1 1 0 0 ? 0 - - 0 0 1 0 0 1 1 0 1 0 0 1 1 ? 1 ? 0 0 0 0 0 ? ? ? ? ? ? ? ?
Didazoon ? ? 1 1 ? ? 1 2 1 2 0 0 1 1 1 1 0 0 1 0 0 1 1 0 0 ? 0 - - 0 0 ? 0 0 1 1 0 1 0 0 1 1 1 1 ? 0 0 0 0 0 ? ? ? ? ? ? ? ?
Yuyuanozoon ? ? 1 1 ? ? 1 2 0 2 0 0 1 1 1 1 0 0 1 0 0 1 1 0 0 ? 0 - - 0 0 ? 0 0 1 1 0 1 0 0 1 1 ? 1 ? 0 0 0 0 0 ? ? ? ? ? ? ? ?
Heteromorphus ? ? 1 1 ? ? 1 2 1 2 0 0 1 1 1 0 0 0 1 0 1 1 1 0 0 ? 0 - - 0 0 ? 0 ? 1 1 0 1 0 0 0 1 ? 1 ? 0 1 0 0 0 ? ? ? ? ? ? ? ?
Banffia ? ? 1 1 ? ? 1 2 1 2 0 0 1 1 1 0 0 0 1 0 1 1 ? 0 0 ? 0 - - 0 0 ? 0 ? 1 1 0 1 0 0 0 1 ? 1 ? 0 1 0 0 0 ? ? ? ? ? ? ? ?
Vetulocystis  ? ? 1 ? ? ? 1 ? ? ? 0 0 1 1 1 0 0 0 0 1 1 1 1 1 ? ? 0 - - 0 0 ? ? 0 1 1 1 0 1 0 0 1 ? ? ? 0 0 1 0 0 ? ? ? ? ? ? ? ?
Dianchicystis ? ? 1 ? ? ? 1 ? ? ? 0 0 1 1 1 0 0 0 0 1 1 1 1 1 ? ? 0 - - 0 0 ? ? 0 1 1 1 0 1 0 0 1 ? ? ? 0 0 1 0 0 ? ? ? ? ? ? ? ?
Saccorhytus ? ? 1 ? ? ? 0 0 1 1 0 0 0 - 0 - 0 0 0 1 0 1 1 1 ? ? 0 - - 0 ? 0 ? 0 1 1 2 0 2 0 0 1 ? 0 ? 0 - 0 0 0 0 0 ? ? ? ? ? ?