Alaeuris numidica 0 1 1 0 0 0 1 0 0 1 1 1 0 2 1 1 0 0 0 5 0 0 0 4 2 2 0 ? 1 2 1 0 0 2 0 1 0
Tachygonetria combesi 2 1 1 0 0 0 ? ? ? 2 0 0 0 1 1 0 0 1 0 0 0 0 0 0 0 0 1 0 1 1 1 0 0 1 2 1 0
T. conica 2 2 0 1 0 0 1 0 0 1 0 0 0 0 1 0 0 1 0 2 0 0 1 0 0 0 0 0 1 1 1 0 0 3 2 1 0
T. dentata 2 1 1 0 0 0 1 0 1 2 0 0 0 1 1 0 0 1 0 0 0 0 0 0 0 0 0 0 1 1 1 0 0 1 2 1 0
T. khallaayounei 2 1 1 0 0 0 0 0 0 2 0 0 0 1 1 0 0 1 1 0 0 0 0 1 0 0 0 0 ? 1 1 0 0 2 2 1 0
T. longicollis 2 1 1 0 0 0 1 0 0 1 0 0 0 0 1 0 1 1 0 3 0 0 1 0 0 0 0 0 1 1 1 0 0 2 2 1 0
T. marocana 2 1 1 0 0 0 1 0 0 1 0 0 0 1 1 0 0 1 1 0 0 0 0 1 0 0 0 0 1 1 1 0 0 2 2 1 0
T. numidica 2 1 1 0 0 0 1 0 0 1 0 0 0 1 1 0 0 1 0 1 0 0 0 2 0 0 1 0 1 1 1 0 0 1 2 1 0
T. palearcticus 2 2 0 1 0 0 1 0 0 1 0 0 0 1 1 0 0 1 0 2 0 0 1 0 0 0 1 0 1 1 1 0 0 2 2 1 0
T. poulini 2 1 1 0 0 0 1 0 0 1 0 0 0 1 1 0 0 1 0 1 0 0 0 2 0 0 0 0 1 1 1 0 0 1 2 1 0
T. pusilla 2 1 1 0 0 0 1 0 0 1 0 0 0 0 1 0 1 1 0 3 0 0 0 1 0 0 0 0 1 1 1 0 0 2 2 1 0
T. robusta 1 0 1 0 1 1 1 1 0 0 0 0 0 0 1 0 0 1 0 2 0 0 0 1 0 0 0 0 1 1 1 0 0 1 2 1 0
T. settatensis 2 1 1 0 0 0 1 0 0 0 0 0 0 1 1 0 1 1 1 0 0 0 0 0 0 0 0 0 1 1 1 0 0 2 2 1 0
T. setosa 2 1 1 0 0 0 1 0 0 1 0 0 0 0 1 0 1 1 0 3 0 0 1 0 0 0 0 0 1 1 1 0 0 2 2 1 0
T. vivipara 1 1 1 0 0 0 1 0 0 1 0 0 0 1 1 0 0 1 0 0 0 0 0 0 0 0 0 0 1 1 1 0 0 1 2 1 0
Thaparia thapari 1 0 0 0 0 1 1 0 1 1 0 0 0 3 0 1 0 1 0 1 0 0 0 1 0 0 0 0 1 1 1 0 0 1 2 1 0
Thap. bourgati 1 0 0 0 0 1 1 0 1 1 0 0 0 3 0 1 0 1 0 1 0 0 0 1 0 0 1 0 1 1 1 0 0 1 2 1 0
Thap. carlosfeliui 1 0 0 0 0 1 1 0 1 1 0 0 0 3 0 1 0 1 0 1 0 0 0 1 0 0 0 0 1 1 1 0 0 1 2 1 0
Mehdiella microstoma 1 1 0 0 1 1 1 1 0 1 1 1 0 2 1 1 0 1 0 4 0 0 0 3 1 1 1 1 1 1 1 0 0 3 1 0 0
M. petterae 1 1 0 0 0 0 ? ? ? 3 ? 0 1 0 1 1 0 1 0 4 0 0 0 3 1 1 0 1 ? 1 1 0 0 1 1 0 0
M. stylosa 1 1 0 0 0 0 0 0 0 3 0 0 1 0 1 1 0 1 0 4 0 0 0 3 1 1 0 1 0 1 1 0 0 1 1 1 0
M. uncinata 1 1 1 0 0 0 1 0 2 3 1 1 0 2 1 1 ? 1 0 4 0 0 0 3 1 1 1 1 0 1 1 0 0 1 1 1 0
Ozolaimus sp. 0 1 1 0 0 0 1 0 0 1 1 1 0 2 1 ? ? 0 0 5 0 1 3 2 2 0 ? 1 2 1 0 0 ? 0 1 0 0
Angusticaecum holopterum 0 1 0 ? ? ? ? ? ? ? 1 1 0 2 1 ? ? ? ? ? 1 1 ? ? ? ? ? 2 1 0 0 0 1 ? ? ? 1
Raillietnema bainae 0 1 0 0 0 0 1 0 0 1 1 1 0 2 1 ? ? ? ? ? 1 1 ? ? ? ? ? 2 1 0 1 1 1 ? ? ? 1
